8317 7136 1324 7860 9617 2361 6137 9248 0372 6120 9555 2012 8772 8910 7468 9629 3358 1307 6246 2535
4245 0099 3373 7351 1691 8152 9005 7091 8646 1594 4690 3866 5059 8810 1751 7875 5597 1968 5883 9071
9211 3169 6434 0780 8477 4277 8495 7772 9016 1458 3473 4805 4463 2987 9115 5491 0425 1591 3111 5512
1674 0642 5315 8636 0404 6903 2432 8800 9808 1210 5543 6582 6476 2445 5255 3804 7104 9498 1456 5708
9942 0503 4642 6193 8977 8569 3654 7908 9403 8509 0232 5672 6194 9556 4304 8645 3671 5003 5142 3955
2931 0814 2620 2057 5678 1809 9658 2026 7562 5788 1691 3178 1493 3094 1434 7950 1537 1554 7615 9798
1020 4471 4430 9041 4197 2401 4430 9009 9519 7809 1334 4671 3881 5407 0810 5969 1512 9921 6653 8504
8171 7404 7007 4933 1203 5779 0248 1451 8632 5244 3019 5080 6001 9440 3497 9134 7895 3789 1444 6184
2254 8331 2847 0145 9438 8535 1023 1659 4786 9065 7956 3888 2910 2291 9322 9018 4350 5450 4168 9299
0362 7802 5549 0307 9594 1851 1535 8232 1218 0775 6971 7506 2635 7580 5124 9788 6359 0167 4914 0496
9853 0471 3832 4400 4155 5205 8820 7569 2004 0290 7426 8931 3798 1006 9336 1082 0244 5181 4053 6616
3802 7232 3916 3232 7180 6773 2925 8086 6004 6703 0906 9548 4545 2132 9427 2311 7929 3361 0600 0102
1583 3220 2361 8718 8862 1509 4226 0979 0774 7026 5548 4295 7489 0744 4357 1081 9975 2024 8535 1948
1447 3491 2712 1750 2601 9135 3614 8923 1642 4556 3823 9298 9915 7849 8884 6570 6691 4602 5557 2956
2072 0668 9596 5231 5321 1984 9953 3276 6980 1545 2482 0559 7100 9830 0365 8559 8602 6479 0319 0045
4338 7809 3368 9308 8792 6916 6443 1039 0504 0472 6438 3268 9270 9148 1442 4071 3029 6602 4842 6086
2831 5342 6748 7739 0836 6484 3742 5135 5400 4393 2371 3967 9436 6500 3979 6530 3027 3244 8480 4923
8973 2961 2521 7889 0426 1844 3079 5376 3033 9610 1036 1864 0155 7412 0480 6792 8597 5689 8588 7993
4052 6166 7833 1951 9979 3994 6917 2906 1009 3179 9403 1371 2098 0827 9276 1424 7700 3535 0848 5346
0932 2266 6330 3590 1369 0442 8206 7861 1524 3665 5047 5180 6248 8464 8841 1194 6373 1787 9107 1714
